0.013918612419288236
0.02807315319443379
0.04247175867761328
0.057122993508807215
0.07203588121287093
0.08721993757870389
0.10268520712971166
0.1184423030356001
0.1345024508626763
0.15087753661436026
0.1675801595768667
0.1846236905586068
0.2020223361977148
0.21979121011258101
0.2379464117882314
0.2565051142303252
0.27548566158275223
0.294907678099578
0.3147921900939697
0.3351617627638886
0.35604065412693786
0.3774549886976287
0.39943295402563145
0.4220050238038752
0.4452042119769121
0.4690663631665339
0.4936304858269497
0.5189391359028628
0.5450388604653146
0.5719807129411406
0.5998208542642377
0.6286212577380959
0.6584505398501147
0.6893849450494449
0.7215095200489187
0.7549195231788229
0.7897221276138755
0.8260384952182985
0.8640063222043362
0.9037829915788552
0.9455495146664719
0.9895155112699192
1.0359255752603709
1.0850675154820144
1.137283176672606
1.1929828748119804
1.2526650000279438
1.3169431792789636
1.386584791860848
1.4625670553709322
1.546161275205113
1.639064142318626
1.7436116176380487
1.8631468308268502
2.002697825365919
2.170342972114861
2.380319936196973
2.661499368059734
3.0885455877010797
4.00832609673987
