0.0006791859132619298
0.001369902171677709
0.002072547040969587
0.002787539784569041
0.0035153221661410267
0.004256360088954427
0.005011145387332902
0.005780197787436413
0.006564067056950685
0.007363335365954317
0.00817861988435772
0.009010575644943656
0.00985989870528184
0.010727329646757135
0.011613657454783011
0.012519723831144114
0.013446427997536215
0.014394732059011558
0.01536566700751849
0.016360339459451204
0.017379939237605224
0.018425747927804496
0.01949914856453121
0.02060163662917389
0.021734832580322005
0.022900496179559485
0.024100542930627387
0.025337063017481207
0.026612343211397865
0.027928892323838002
0.02928947091684262
0.03069712615522768
0.03215523290681254
0.0336675424849468
0.035238240804657914
0.03687201822203611
0.03857415399169973
0.040350619175019406
0.042208203057922514
0.044154669833105425
0.04619895468014523
0.04835141176389938
0.05062413157451607
0.053031352260263294
0.055590000476093235
0.058320413992801544
0.061247324682455716
0.06440122326921972
0.06782029886340421
0.07155327071300406
0.0756636550578186
0.08023643929337342
0.08538900298545614
0.09129000783139739
0.09819444609665849
0.1065149258154354
0.11698617828168481
0.13112284100792956
0.15296836100280506
0.20343529407415542
