0.003842055719631111
0.007749336921243888
0.011724096535981669
0.015768706275968453
0.019885665133869627
0.024077608656571617
0.028347319079158266
0.03269773641676613
0.037131970625064424
0.04165331495533621
0.046265260647811855
0.05097151312747206
0.055776009890538
0.06068294029796369
0.06569676752523813
0.0708222529566786
0.07606448335835607
0.08142890121832373
0.08692133870776585
0.09254805579433442
0.09831578313216648
0.10423177046547628
0.11030384141875163
0.11654045571224018
0.12295078004399997
0.1295447691288251
0.1363332586921931
0.1433280726000948
0.15054214678434572
0.15798967322571814
0.16568626802132466
0.1736491685384034
0.18189746591231973
0.19045238077593657
0.19933759224046493
0.20857963296668547
0.21820836692852008
0.22825757154985724
0.23876565283164625
0.24977653168033545
0.26134075310448546
0.27351688910557004
0.2863733338241626
0.29999063038979773
0.31446453042247147
0.32991008172733427
0.3464671888999892
0.3643083335229932
0.3836495458272914
0.40476642349793573
0.4280182686459467
0.4538858425808568
0.4830331443981951
0.5164142687372331
0.5554716696784331
0.6025394107334113
0.6617737597446219
0.7417428003612201
0.8653197229766023
1.1508038077801181
