0.0037881664838690103
0.007640544533038487
0.011559348582086243
0.015546909630765925
0.019605683571474974
0.02373826027391381
0.027947373511088308
0.032235911821924375
0.03660693041859156
0.04106366426147432
0.04560954244194481
0.050248204033120324
0.054983515592155245
0.05981959052496328
0.06476081055637058
0.06981184958651211
0.07497770025897661
0.0802637036192133
0.08567558230482569
0.09121947778480823
0.09690199225530527
0.10273023590857577
0.10871188042392989
0.11485521969006258
0.12116923896459046
0.12766369391789267
0.13434920130646558
0.14123734339142535
0.14834078868089115
0.1556734321576815
0.163250558891966
0.17108903588054736
0.17920753816587812
0.1876268168586401
0.1963700187422489
0.20546306985036605
0.21493513902656622
0.22481920235347488
0.23515273599325995
0.2459785741749224
0.25734598194101505
0.26931201057561327
0.2819432300985602
0.2953179721556024
0.30952927509993533
0.3246888127964371
0.34093222985688193
0.3584265343857878
0.3773805805735885
0.39806033336263297
0.4208117982559425
0.44609675604146465
0.47455097475577634
0.507084339045484
0.5450653090142216
0.5906925387241011
0.6478410298063109
0.7243683780540261
0.8405956374657808
1.0909281844104939
