0.0019210278598155554
0.003874668460621944
0.005862048267990834
0.007884353137984227
0.009942832566934814
0.012038804328285808
0.014173659539579133
0.016348868208383063
0.018565985312532212
0.020826657477668105
0.023132630323905928
0.02548575656373603
0.027888004945269
0.030341470148981847
0.03284838376261907
0.0354111264783393
0.038032241679178035
0.040714450609161866
0.04346066935388292
0.04627402789716721
0.04915789156608324
0.05211588523273814
0.055151920709375815
0.05827022785612009
0.06147539002199998
0.06477238456441255
0.06816662934609655
0.0716640363000474
0.07527107339217286
0.07899483661285907
0.08284313401066233
0.0868245842692017
0.09094873295615986
0.09522619038796828
0.09966879612023247
0.10428981648334273
0.10910418346426004
0.11412878577492862
0.11938282641582312
0.12488826584016773
0.13067037655224273
0.13675844455278502
0.1431866669120813
0.14999531519489886
0.15723226521123573
0.16495504086366714
0.1732335944499946
0.1821541667614966
0.1918247729136457
0.20238321174896787
0.21400913432297336
0.2269429212904284
0.24151657219909756
0.25820713436861653
0.27773583483921654
0.30126970536670566
0.33088687987231097
0.37087140018061004
0.43265986148830116
0.5754019038900591
