0.033385844690958864
0.06733847132633522
0.10187745692810365
0.13702341067489193
0.17279804775958074
0.2092242699736711
0.24632625376726708
0.284129546632623
0.32266117277358847
0.3619497491556338
0.4020256131847251
0.4429209634420247
0.4846700151099518
0.5273091719692872
0.5708772171337018
0.6154155250258823
0.6609682974987996
0.7075828274795054
0.7553097940771997
0.8042035937720619
0.8543227131114208
0.9057301493165691
0.9584938863864721
1.0126874357241207
1.0683904520716698
1.1256894377045452
1.184678550509645
1.2454605348984056
1.3081477986655174
1.3728636641416543
1.4397438286281896
1.5089380775804853
1.5806123049175251
1.6549509089939152
1.732159651304803
1.812469089488261
1.8961387288893357
1.9834620810836763
2.074772878030542
2.1704527738933215
2.2709409834905525
2.37674647282563
2.488463558150473
2.606792125310002
2.732564215520527
2.8667795457135776
3.0106538278520185
3.1656858541834163
3.333752836353097
3.5172496020735586
3.7192983352356728
3.944076648967604
4.197354415518994
4.487422315132826
4.826814665741582
5.235813495401097
5.750535019702209
6.445432273916697
7.519263641000545
9.999999999999998
