0.016692922345479432
0.03366923566316761
0.05093872846405183
0.06851170533744597
0.08639902387979037
0.10461213498683555
0.12316312688363354
0.1420647733163115
0.16133058638679423
0.1809748745778169
0.20101280659236254
0.22146048172101235
0.2423350075549759
0.2636545859846436
0.2854386085668509
0.30770776251294113
0.3304841487493998
0.3537914137397527
0.37765489703859983
0.4021017968860309
0.4271613565557104
0.45286507465828457
0.4792469431932361
0.5063437178620603
0.5341952260358349
0.5628447188522726
0.5923392752548226
0.6227302674492028
0.6540738993327587
0.6864318320708271
0.7198719143140948
0.7544690387902426
0.7903061524587626
0.8274754544969576
0.8660798256524015
0.9062345447441305
0.9480693644446678
0.9917310405418381
1.037386439015271
1.0852263869466607
1.1354704917452763
1.188373236412815
1.2442317790752364
1.303396062655001
1.3662821077602636
1.4333897728567888
1.5053269139260093
1.5828429270917082
1.6668764181765485
1.7586248010367793
1.8596491676178364
1.972038324483802
2.098677207759497
2.243711157566413
2.413407332870791
2.6179067477005487
2.8752675098511045
3.2227161369583484
3.7596318205002723
4.999999999999999
