0.041669102014256165
0.08404451888462906
0.12715060896514557
0.1710130128043253
0.21565874474572483
0.2611162928574399
0.3074157281162217
0.35458882389414553
0.40266918693687864
0.45169240118584647
0.5016961859859645
0.5527205704409187
0.6048080859350069
0.6580039791413556
0.7123564481894704
0.7679169050810042
0.8247402679342352
0.882885287220832
0.9424149108526954
1.0033966938063914
1.0659032589684352
1.130012817084801
1.1958097551509277
1.2633853043456977
1.3328383007730267
1.4042760549288966
1.4778153490908006
1.5535835859011669
1.6317201165103303
1.712377783054194
1.7957247183618992
1.8819464561509955
1.9712484182930892
2.0638588630106196
2.160032400464875
2.260054212034781
2.3642451493839918
2.472967943072741
2.5866348236698613
2.7057169594477988
2.8307562563899924
2.9623802676375997
3.101321250592651
3.2484408382777326
3.404762434665993
3.57151443077133
3.750188891208584
3.9426228729745896
4.151113731954931
4.37858703131114
4.6288487649625125
4.906978432673156
5.219969360445592
5.577830104218981
5.995613461673567
6.4975042042016105
7.12612660372014
7.967912701187977
9.246390178323402
12.000000000000002
