0.1250073060427685
0.2521335566538872
0.3814518268954367
0.5130390384129759
0.6469762342371745
0.7833488785723197
0.9222471843486651
1.0637664716824367
1.208007560810636
1.3550772035575394
1.5050885579578934
1.6581617113227562
1.8144242578050207
1.9740119374240668
2.137069344568411
2.3037507152430123
2.4742208038027056
2.6486558616624962
2.827244732558086
3.0101900814191747
3.197709776905306
3.3900384512544033
3.5874292654527835
3.7901559130370934
3.9985149023190796
4.21282816478669
4.433446047272402
4.6607507577035
4.89516034953099
5.137133349162582
5.387174155085697
5.645839368452987
5.913745254879266
6.191576589031857
6.480097201394626
6.780162636104343
7.092735448151976
7.418903829218222
7.759904471009583
8.117150878343397
8.492268769169977
8.8871408029128
9.303963751777953
9.745322514833198
10.214287303997978
10.714543292313992
11.250566673625755
11.827868618923768
12.45334119586479
13.135761093933414
13.886546294887541
14.720935298019468
15.65990808133677
16.73349031265694
17.986840385020706
19.49251261260483
21.378379811160407
23.90373810356391
27.739170534970242
36.00000000000001
